2 0.74453125 0.3125 0.103125 0.625
2 0.54296875 0.29609375 0.05390625 0.59140625
2 0.40234375 0.275 0.1078125 0.55
2 0.24375 0.2703125 0.09609375 0.540625
2 0.13125 0.240625 0.05 0.40859375
2 0.91796875 0.3125 0.0765625 0.625
2 0.84140625 0.37578125 0.03203125 0.5015625
2 0.59609375 0.2859375 0.053125 0.546875
2 0.0671875 0.1546875 0.06796875 0.309375
1 0.10703125 0.665625 0.209375 0.20546875
1 0.653125 0.5125 0.11640625 0.171875
1 0.30078125 0.4703125 0.11796875 0.17109375
1 0.446875 0.45234375 0.09140625 0.184375
1 0.15625 0.4390625 0.0875 0.18359375