2 0.25546875 0.3125 0.103125 0.625
2 0.45703125 0.29609375 0.05390625 0.59140625
2 0.59765625 0.275 0.1078125 0.55
2 0.75625 0.2703125 0.09609375 0.540625
2 0.86875 0.240625 0.05 0.40859375
2 0.08203125 0.3125 0.0765625 0.625
2 0.15859375 0.37578125 0.03203125 0.5015625
2 0.40390625 0.2859375 0.053125 0.546875
2 0.9328125 0.1546875 0.06796875 0.309375
1 0.89296875 0.665625 0.209375 0.20546875
1 0.346875 0.5125 0.11640625 0.171875
1 0.69921875 0.4703125 0.11796875 0.17109375
1 0.553125 0.45234375 0.09140625 0.184375
1 0.84375 0.4390625 0.0875 0.18359375