2 0.275 0.22734375 0.07265625 0.45390625
2 0.1890625 0.27109375 0.1875 0.54140625
2 0.42890625 0.24609375 0.0890625 0.49140625
2 0.56015625 0.21875 0.07109375 0.4375
2 0.63046875 0.21484375 0.0640625 0.42890625
2 0.86171875 0.21015625 0.0640625 0.4203125
2 0.48515625 0.20859375 0.0328125 0.41640625
2 0.03515625 0.20625 0.0703125 0.4125
2 0.89375 0.55234375 0.2125 0.09609375
2 0.9734375 0.2125 0.053125 0.425
2 0.79921875 0.21171875 0.059375 0.4234375
2 0.75 0.21015625 0.05 0.4203125
2 0.36640625 0.19609375 0.0375 0.39140625