2 0.725 0.22734375 0.07265625 0.45390625
2 0.8109375 0.27109375 0.1875 0.54140625
2 0.57109375 0.24609375 0.0890625 0.49140625
2 0.43984375 0.21875 0.07109375 0.4375
2 0.36953125 0.21484375 0.0640625 0.42890625
2 0.13828125 0.21015625 0.0640625 0.4203125
2 0.51484375 0.20859375 0.0328125 0.41640625
2 0.96484375 0.20625 0.0703125 0.4125
2 0.10625 0.55234375 0.2125 0.09609375
2 0.0265625 0.2125 0.053125 0.425
2 0.20078125 0.21171875 0.059375 0.4234375
2 0.25 0.21015625 0.05 0.4203125
2 0.63359375 0.19609375 0.0375 0.39140625