2 0.4890625 0.2625 0.0375 0.525
2 0.08515625 0.27890625 0.0796875 0.5578125
2 0.20390625 0.3 0.10390625 0.6
2 0.3203125 0.26875 0.040625 0.5375
2 0.42421875 0.27421875 0.06328125 0.5484375
2 0.58671875 0.2765625 0.05546875 0.553125
2 0.67578125 0.28984375 0.059375 0.57890625
2 0.721875 0.27265625 0.05 0.5453125
2 0.94375 0.27734375 0.07109375 0.55390625
2 0.8609375 0.25390625 0.065625 0.5078125
2 0.7765625 0.26953125 0.04296875 0.4859375
2 0.35546875 0.2703125 0.021875 0.540625
2 0.7 0.64921875 0.09140625 0.084375
2 0.46875 0.271875 0.034375 0.54375
2 0.5234375 0.25390625 0.03125 0.5078125