2 0.09453125 0.4 0.1859375 0.8
2 0.3890625 0.346875 0.065625 0.69375
2 0.26328125 0.321875 0.0640625 0.64375
2 0.840625 0.42109375 0.0875 0.84140625
2 0.76484375 0.36484375 0.0546875 0.72890625
2 0.90625 0.36484375 0.075 0.72890625
2 0.95546875 0.3640625 0.0625 0.728125
2 0.63984375 0.34765625 0.0796875 0.6953125
2 0.71796875 0.34765625 0.0453125 0.6953125
2 0.4609375 0.33359375 0.034375 0.6640625
2 0.34765625 0.325 0.0515625 0.65
2 0.49140625 0.33125 0.0421875 0.6625
2 0.57421875 0.34375 0.03125 0.640625
2 0.81015625 0.88203125 0.3796875 0.12734375