2 0.34609375 0.36328125 0.13359375 0.50703125
2 0.71953125 0.471875 0.04765625 0.5015625
2 0.80078125 0.3859375 0.075 0.75546875
2 0.1140625 0.646875 0.228125 0.14375
2 0.6734375 0.8984375 0.259375 0.203125
2 0.41015625 0.4890625 0.18203125 0.978125
2 0.8703125 0.46484375 0.140625 0.92890625
2 0.6859375 0.4359375 0.07578125 0.5515625
2 0.28984375 0.29921875 0.134375 0.5984375
2 0.1578125 0.27734375 0.14921875 0.5546875
2 0.034375 0.15546875 0.06484375 0.3109375
1 0.49453125 0.6921875 0.16328125 0.265625